50
3
1 2 3
2 3 5
3 5 6
2 3 4
1 2 3
4
12 18 24 27
8 9 13 18
3 8 10 15
10 13 20 23
5 9 15 17
15 17 23 27
10 15 20 24
5
1 2 5 8 9
11 14 15 18 20
5 7 10 12 14
2 5 7 10 14
8 10 12 14 18
1 3 5 8 11
8 10 11 14 17
5 6 10 11 15
9 13 14 17 20
4
8 12 13 14
8 9 12 13
3 6 8 9
6 7 9 12
7 9 12 13
5 7 9 12
3 5 7 8
3
1 2 3
2 3 4
1 2 3
3 4 5
3 4 5
2
22 222
2 22
22 222
6
6 8 10 11 13 14
5 6 7 10 11 13
8 10 12 13 15 17
4 6 7 9 12 13
10 11 13 14 17 18
2 5 6 7 10 12
3 5 6 8 9 11
6 7 9 11 12 14
8 9 11 12 15 16
1 2 4 6 8 10
1 3 5 6 8 9
6
17 22 27 28 32 37
9 12 19 23 26 30
5 11 14 19 22 27
9 16 18 26 30 32
2 8 11 14 16 20
5 11 14 17 18 23
4 8 11 12 15 22
1 2 5 9 13 17
7 14 17 23 24 28
1 4 5 7 9 11
13 15 22 24 30 35
4
2 4 5 9
8 10 12 13
1 2 3 7
3 5 6 12
1 2 3 8
7 9 11 13
3 5 6 11
4
3 6 9 12
6 13 17 20
12 14 17 20
4 7 12 14
5 10 14 17
9 12 14 17
3 4 5 6
4
10 11 12 15
5 6 10 12
12 15 26 30
15 16 21 26
10 12 21 25
5 10 15 16
16 18 25 30
10
15 21 25 28 29 32 35 37 38 39
6 9 10 13 18 19 22 25 27 28
5 9 10 13 14 16 18 22 25 27
6 12 13 16 17 20 23 26 29 32
14 15 18 23 27 28 31 35 36 37
2 3 6 9 10 12 14 17 20 21
18 24 27 30 32 35 36 39 42 43
9 15 18 20 23 26 27 28 32 35
20 22 25 29 32 34 36 38 42 44
10 12 14 17 23 24 28 29 32 35
21 24 27 32 35 37 38 39 43 46
2 4 5 6 9 12 13 15 18 19
12 18 19 21 24 27 28 29 34 37
17 19 22 26 28 29 34 37 39 41
4 7 9 10 12 14 15 19 22 24
12 14 16 20 26 27 30 32 35 36
19 26 28 31 35 36 37 41 44 46
3 7 9 12 15 18 19 21 24 26
13 19 22 25 28 30 31 34 36 38
4
1 3 5 6
3 4 6 7
3 4 6 8
5 6 8 10
6 8 10 12
1 3 5 6
5 6 8 10
2
6 8
4 8
2 6
2
4 8
2 6
2 4
2
2 22
2 22
22 222
7
4 5 7 9 10 11 12
2 4 5 6 8 10 11
11 12 15 16 18 19 24
8 10 12 14 15 16 18
5 7 8 10 12 14 16
2 4 5 6 8 10 11
5 6 8 10 12 14 15
10 12 14 16 17 18 19
8 10 12 14 15 17 20
11 13 16 18 20 22 24
6 7 10 12 14 15 16
10 11 14 15 16 18 22
4 5 6 7 10 12 13
4
9 10 11 12
1 5 9 13
2 6 10 14
4 8 12 16
1 2 3 4
13 14 15 16
3 7 11 15
10
30 38 44 48 52 57 61 66 68 74
21 30 33 37 42 46 48 53 61 66
24 27 41 42 47 52 53 57 62 66
25 29 43 47 50 56 61 62 66 68
10 13 18 24 27 31 33 39 42 44
9 12 13 19 20 22 24 27 29 33
24 34 39 42 45 49 53 57 62 69
14 19 24 28 30 35 37 42 43 48
28 33 48 52 55 58 66 69 73 74
4 9 10 13 17 19 21 24 26 30
17 20 28 30 31 37 42 45 46 52
10 16 18 24 28 31 36 41 43 48
17 23 27 30 31 38 43 47 50 55
4 9 10 14 17 20 23 24 25 28
20 22 31 36 38 43 46 49 50 57
19 25 31 35 37 43 47 52 56 58
9 12 16 20 23 25 30 34 36 38
26 36 42 43 46 50 56 62 66 73
23 24 36 37 43 47 48 53 56 61
3
3 4 9
3 4 8
1 3 5
6 9 10
5 8 10
6
6 8 9 13 14 16
9 13 14 17 21 23
11 15 16 19 22 26
8 11 13 15 18 19
12 15 17 18 21 22
6 8 9 13 17 18
3 5 6 9 12 14
9 12 13 15 17 19
14 16 18 19 23 26
5 7 8 11 13 15
3 5 6 8 9 11
5
8 11 17 20 24
12 15 17 24 27
11 12 15 20 25
2 3 6 8 10
2 4 7 11 12
7 8 13 17 21
4 5 10 11 15
3 5 8 12 15
6 10 13 15 17
3
1 2 3
1 2 3
2 3 4
2 3 4
3 4 5
9
18 29 33 34 39 43 48 51 54
9 15 16 23 24 25 27 29 33
5 9 15 16 21 23 25 29 33
12 24 25 27 33 37 43 45 46
17 24 25 27 35 39 43 46 48
8 13 19 23 24 26 27 32 34
16 21 23 25 31 35 37 38 43
2 4 5 8 12 16 17 18 19
10 17 21 24 27 31 35 36 38
6 8 9 13 17 21 24 27 28
2 6 7 9 10 11 12 15 18
11 21 23 26 29 35 39 41 43
7 11 15 19 21 23 25 28 30
19 28 30 33 38 43 46 51 54
4 8 11 15 17 21 24 25 29
18 27 28 29 36 41 45 49 51
12 17 21 24 27 29 33 37 39
7
4 6 10 11 15 17 19
15 19 23 25 33 38 42
7 11 13 15 19 23 28
23 25 27 33 38 39 43
19 28 33 35 42 43 49
11 13 14 19 23 24 33
17 23 24 27 38 39 44
10 13 14 16 24 27 30
25 27 30 36 42 44 49
6 11 13 15 21 25 27
4 7 11 14 18 23 25
14 15 16 23 25 27 35
18 21 24 29 33 38 42
7
5 10 14 17 19 20 30
5 10 14 17 19 20 31
3 8 12 13 14 15 27
6 11 15 18 20 21 33
4 9 13 16 17 18 29
1 2 3 4 5 6 23
23 25 26 29 31 33 34
22 24 27 28 30 32 34
1 2 3 4 5 6 22
4 9 13 16 17 18 28
2 7 8 9 10 11 25
3 8 12 13 14 15 26
6 11 15 18 20 21 32
8
8 15 19 21 28 32 34 42
9 11 15 17 18 21 22 25
7 11 13 19 26 29 33 37
11 13 19 24 27 29 33 38
25 37 42 45 50 54 58 60
21 26 28 31 36 40 45 49
9 17 24 27 31 33 39 45
22 25 38 41 49 54 59 60
23 29 32 33 38 42 49 54
16 19 21 27 28 33 37 41
14 21 29 33 40 42 48 54
4 9 11 16 21 23 24 25
24 33 34 39 44 48 51 59
4 7 8 9 13 14 17 22
13 18 27 28 36 38 44 50
2
2 6
2 4
6 8
7
5 6 7 8 9 10 11
3 4 5 6 7 8 9
4 5 6 7 8 9 10
2 3 4 5 6 7 8
2 3 4 5 6 7 8
4 5 6 7 8 9 10
1 2 3 4 5 6 7
5 6 7 8 9 10 11
7 8 9 10 11 12 13
6 7 8 9 10 11 12
1 2 3 4 5 6 7
6 7 8 9 10 11 12
7 8 9 10 11 12 13
2
2 3
2 4
3 7
2
2 4
6 8
4 8
6
8 9 12 13 15 16
5 7 8 9 12 13
10 11 13 15 16 19
6 7 9 12 13 15
3 5 7 8 9 11
5 6 8 10 12 14
8 10 12 14 15 17
3 5 6 7 10 11
9 11 14 15 17 19
2 3 5 7 8 9
7 8 10 12 14 15
3
2 3 4
1 2 3
3 4 5
3 4 5
2 3 4
10
31 32 33 34 35 36 37 38 39 40
41 42 43 44 45 46 47 48 49 50
61 62 63 64 65 66 67 68 69 70
10 20 30 40 50 60 70 80 90 100
8 18 28 38 48 58 68 78 88 98
1 2 3 4 5 6 7 8 9 10
91 92 93 94 95 96 97 98 99 100
51 52 53 54 55 56 57 58 59 60
71 72 73 74 75 76 77 78 79 80
81 82 83 84 85 86 87 88 89 90
2 12 22 32 42 52 62 72 82 92
6 16 26 36 46 56 66 76 86 96
11 12 13 14 15 16 17 18 19 20
4 14 24 34 44 54 64 74 84 94
9 19 29 39 49 59 69 79 89 99
3 13 23 33 43 53 63 73 83 93
21 22 23 24 25 26 27 28 29 30
5 15 25 35 45 55 65 75 85 95
7 17 27 37 47 57 67 77 87 97
6
7 12 17 21 23 26
9 13 21 25 32 34
13 16 27 32 36 40
14 20 31 34 40 42
18 21 26 30 40 42
4 6 12 14 16 20
2 4 5 9 14 18
5 6 7 13 18 21
2 5 7 9 13 14
5 7 17 22 27 31
9 14 22 25 29 30
10
126 127 161 197 245 256 257 293 324 348
120 121 152 190 228 244 250 274 309 314
46 64 101 126 136 146 167 177 201 225
62 81 126 150 151 169 181 190 197 214
132 180 225 250 261 276 287 314 348 350
67 77 128 151 156 173 201 234 248 261
46 51 64 70 77 81 117 121 127 156
73 81 129 169 174 176 203 249 252 276
110 150 177 210 234 249 260 274 293 318
72 105 136 153 156 174 206 228 245 259
123 160 201 214 248 252 284 309 324 348
150 156 180 214 259 274 282 318 348 350
25 41 46 64 67 73 97 120 126 150
41 51 80 81 105 120 132 150 160 180
57 80 101 117 128 129 145 152 161 180
97 117 145 181 206 224 226 260 284 287
84 120 146 161 173 176 224 244 256 274
64 70 117 150 153 161 187 210 214 250
25 46 57 62 72 84 97 110 123 132
7
25 30 34 39 42 49 52
13 19 20 21 25 30 34
4 9 13 17 20 23 25
9 14 19 20 21 28 30
20 21 27 30 31 32 37
4 9 12 16 17 20 24
12 16 20 24 27 29 34
9 14 16 19 24 26 29
20 26 30 31 32 44 49
16 19 21 26 30 35 39
24 29 34 35 37 45 52
17 24 25 30 31 39 42
17 20 24 26 30 31 35
8
6 11 15 26 30 36 39 40
12 22 25 36 38 49 51 55
12 14 15 18 19 25 27 31
18 29 31 45 47 55 62 64
31 34 40 50 53 55 63 64
7 14 18 27 35 41 45 50
4 7 12 17 22 27 30 31
4 5 6 7 10 12 16 18
7 8 11 14 17 22 26 29
5 8 14 21 23 31 33 34
30 33 39 45 48 51 58 62
16 26 27 40 43 53 58 63
22 23 30 35 36 38 43 47
27 31 36 41 46 49 53 55
17 21 26 27 32 36 40 45
4
10 12 14 19
5 10 13 14
6 13 16 19
2 3 5 6
5 8 10 13
8 9 13 16
3 8 9 12
10
8 9 10 11 12 13 14 15 16 17
4 5 6 7 8 9 10 11 12 13
5 6 7 8 9 10 11 12 13 14
4 5 6 7 8 9 10 11 12 13
1 2 3 4 5 6 7 8 9 10
1 2 3 4 5 6 7 8 9 10
2 3 4 5 6 7 8 9 10 11
6 7 8 9 10 11 12 13 14 15
5 6 7 8 9 10 11 12 13 14
3 4 5 6 7 8 9 10 11 12
10 11 12 13 14 15 16 17 18 19
9 10 11 12 13 14 15 16 17 18
8 9 10 11 12 13 14 15 16 17
7 8 9 10 11 12 13 14 15 16
6 7 8 9 10 11 12 13 14 15
10 11 12 13 14 15 16 17 18 19
3 4 5 6 7 8 9 10 11 12
9 10 11 12 13 14 15 16 17 18
7 8 9 10 11 12 13 14 15 16
7
4 6 10 12 15 16 18
8 12 13 18 19 23 25
8 9 15 18 20 21 24
12 18 22 24 27 28 29
10 15 18 20 22 24 26
17 19 22 25 26 27 29
14 15 20 23 24 25 28
1 4 7 8 10 11 12
11 12 18 19 22 23 27
4 6 8 9 12 15 19
7 10 12 15 18 20 22
11 16 19 21 23 25 27
6 8 12 13 18 19 22
4
62 73 98 118
34 56 57 75
44 71 82 89
18 34 44 62
29 56 71 73
49 57 82 98
18 29 49 53
10
7 10 12 14 16 18 19 20 22 24
4 5 9 10 12 13 16 18 20 22
6 9 10 13 14 16 17 19 20 21
12 13 15 19 20 21 24 27 30 32
2 3 4 5 7 9 11 12 13 15
3 4 5 7 9 11 12 13 14 16
11 12 14 17 19 20 23 26 28 30
5 7 9 11 12 13 14 15 16 17
9 11 13 16 18 19 22 24 26 28
9 12 13 16 17 19 20 21 23 25
15 16 17 21 24 25 27 30 33 35
5 7 11 13 14 16 18 19 22 23
16 19 22 23 24 28 30 32 34 35
3 4 7 9 10 12 14 16 17 19
7 9 12 14 16 17 20 21 23 24
14 17 20 22 23 26 28 30 32 33
13 14 16 20 22 23 26 29 32 34
13 16 18 19 21 24 26 27 29 30
2 3 5 6 7 9 11 13 14 16
7
82 124 143 166 179 187 200
72 94 97 135 154 159 179
8 18 33 56 57 71 82
94 111 127 143 157 178 187
33 61 86 91 97 127 136
71 103 137 156 159 178 198
8 25 40 57 72 94 96
25 36 61 71 89 103 124
57 89 119 133 154 157 177
18 36 41 70 94 111 117
96 117 136 162 177 198 200
57 70 91 111 133 156 166
40 41 86 110 119 137 143
6
23 26 30 34 39 40
12 15 18 23 27 30
16 19 23 28 29 31
7 11 15 19 24 26
17 27 29 31 39 40
14 15 18 21 25 29
5 7 12 14 15 17
15 24 25 29 37 39
14 19 21 28 33 34
9 11 15 19 24 27
20 24 27 33 37 39
6
12 16 18 19 23 25
2 3 5 8 10 12
10 13 16 20 23 24
9 13 14 17 20 22
3 8 10 13 16 19
13 19 20 21 24 26
12 15 18 22 25 26
5 8 9 11 13 15
8 10 12 13 16 18
2 5 8 9 12 13
5 9 12 14 18 20
10
6 14 21 27 32 36 37 38 39 56
9 17 24 30 35 39 42 44 45 62
4 12 19 25 26 27 28 29 30 53
4 12 19 25 26 27 28 29 30 52
5 13 20 26 31 32 33 34 35 54
2 10 11 12 13 14 15 16 17 49
9 17 24 30 35 39 42 44 45 63
3 11 18 19 20 21 22 23 24 50
8 16 23 29 34 38 41 43 44 61
7 15 22 28 33 37 40 41 42 59
6 14 21 27 32 36 37 38 39 57
8 16 23 29 34 38 41 43 44 60
1 2 3 4 5 6 7 8 9 46
5 13 20 26 31 32 33 34 35 55
46 48 51 53 54 57 58 61 62 64
3 11 18 19 20 21 22 23 24 51
1 2 3 4 5 6 7 8 9 47
7 15 22 28 33 37 40 41 42 58
47 49 50 52 55 56 59 60 63 64
7
2 9 16 23 30 37 44
43 44 45 46 47 48 49
22 23 24 25 26 27 28
3 10 17 24 31 38 45
1 2 3 4 5 6 7
7 14 21 28 35 42 49
29 30 31 32 33 34 35
5 12 19 26 33 40 47
4 11 18 25 32 39 46
1 8 15 22 29 36 43
36 37 38 39 40 41 42
6 13 20 27 34 41 48
8 9 10 11 12 13 14
4
4 5 6 7
1 2 3 4
2 3 4 5
3 4 5 6
4 5 6 7
1 2 3 4
3 4 5 6
6
8 11 16 19 25 27
13 20 25 28 33 36
11 15 19 24 29 31
2 3 7 11 13 16
10 15 17 24 28 29
11 20 25 29 33 36
4 7 8 15 20 24
16 24 27 29 36 39
3 7 11 15 20 25
7 8 16 17 25 28
2 4 8 10 11 14
